코드트리 루돌프의 반란

1. 산타가 이상하게 움직이는 문제
산타 이동 처리할때 기절상태였는지 체크하는 조건문 안넣음 -> 넣어서 해결

2. 틀린 테케
5 10 10 3 1
2 2
7 1 5
5 1 1
10 4 4
9 3 5
6 4 2
4 5 1
8 5 3
2 4 5
3 4 1
1 1 4
이유 : 처음에 루돌프를 9로 놓았는데 산타가 30명 까지 존재할 수 있어서
틀림. -1로 수정 후 맞음

3. 틀린 테케
30 10 30 3 1
4 15
28 14 5
19 9 27
4 7 16
18 8 18
5 4 17
3 30 1
2 15 2
24 25 2
9 26 18
6 18 28
27 27 20
29 7 17
25 6 23
8 5 20
13 6 6
30 21 18
17 30 16
20 26 6
15 12 29
26 14 17
23 21 17
1 11 12
11 12 12
16 9 26
14 23 23
10 22 26
22 24 30
12 10 6
7 16 22
21 17 17
이유 : min_distance의 값을 너무 작게해서 최소값 갱신이 안되고 있었음.

4. 틀린 테케
50 1000 10 1 3
46 44
2 18 47
3 5 7
7 6 6
8 27 15
5 26 27
1 29 39
9 34 34
10 29 24
6 31 14
4 46 19
이유 : 라인 99에서 죽은 산타들대신 아무 튜플추가하는 과정에서 너무 작은값을 추가해줘서 
루돌프가 업데이트가 안되던 문제였음.
