코드트리 왕실의 기사대결
1. 틀린테케
30 30 100
1 0 2 1 0 2 0 1 0 0 0 0 2 1 0 0 0 1 0 2 2 2 2 0 1 1 0 0 0 1
2 1 0 0 0 1 1 1 1 0 0 1 1 1 0 0 1 1 0 0 0 2 0 1 0 0 1 2 0 1
0 0 2 0 1 0 0 1 1 1 1 1 1 0 0 1 1 1 1 1 1 1 0 1 1 2 1 1 0 1
0 1 1 1 1 0 0 0 0 0 1 1 1 1 1 0 0 2 0 2 1 1 1 1 1 2 0 0 1 0
0 2 0 2 0 1 1 0 1 1 1 0 1 0 2 2 1 0 0 0 2 1 1 0 0 0 1 1 0 1
1 1 1 0 1 0 1 1 0 1 1 0 1 1 0 0 1 1 0 0 1 0 1 1 1 2 1 0 1 0
0 1 0 0 1 1 1 1 1 1 1 0 0 1 1 0 0 0 2 1 0 0 0 1 1 1 1 1 0 1
0 1 1 1 1 1 1 1 1 1 1 0 1 0 0 2 1 1 1 1 1 1 1 0 1 1 1 0 1 0
2 0 0 1 1 1 1 2 1 0 2 1 2 0 0 0 1 1 1 1 1 0 0 1 1 2 1 1 0 1
1 0 0 2 0 1 0 0 0 1 0 1 1 0 1 0 1 1 1 0 1 0 0 0 0 1 0 1 1 0
0 0 0 1 1 0 0 0 1 1 0 0 0 1 0 0 1 1 0 1 1 0 0 0 1 1 1 0 1 0
0 1 1 1 1 0 1 1 0 1 0 0 0 0 1 1 0 0 0 0 1 1 1 0 1 0 1 1 1 0
1 1 1 1 1 2 0 2 1 2 0 1 0 1 1 1 0 0 0 1 1 1 2 0 0 1 0 1 0 1
0 1 1 1 1 2 0 1 0 0 2 0 0 0 0 1 0 0 1 1 1 1 0 1 1 1 1 0 1 1
2 0 1 1 1 1 1 0 1 1 1 0 0 1 0 1 1 0 1 0 1 0 0 0 1 1 1 0 0 1
1 0 1 1 0 1 1 1 1 0 1 0 1 2 0 0 0 1 0 1 1 1 1 1 0 1 1 0 1 1
2 1 1 0 0 1 1 1 0 1 1 1 0 0 1 1 1 1 1 0 1 1 1 1 1 0 1 1 0 1
2 0 1 1 0 1 1 1 1 0 1 1 0 1 0 2 1 1 1 0 0 1 1 1 1 2 0 0 0 1
2 0 1 0 0 0 1 1 1 1 1 1 1 0 1 0 1 1 1 0 1 1 1 0 0 0 0 0 0 0
1 0 1 1 2 0 1 0 1 0 1 0 1 0 0 2 0 1 1 0 0 0 1 0 1 0 1 1 1 1
0 1 2 1 0 1 1 1 1 0 1 1 1 0 1 2 0 0 1 0 1 0 0 1 0 0 0 1 0 1
0 0 0 1 0 1 1 0 1 1 1 1 1 1 0 1 0 1 1 1 1 1 1 1 0 0 1 1 0 0
1 1 0 1 0 1 0 0 1 1 0 1 0 1 1 0 0 0 0 1 1 1 0 1 1 2 1 0 1 1
1 1 2 0 2 0 0 0 0 0 0 2 0 1 2 2 0 1 0 0 1 1 0 1 1 1 1 1 1 1
0 0 1 0 2 1 1 1 2 2 2 1 1 1 1 1 1 2 1 2 0 1 0 0 1 0 1 0 0 1
2 0 1 0 1 0 1 1 0 0 1 1 1 1 0 1 0 1 1 0 1 0 1 0 1 0 1 0 0 1
1 1 0 2 0 2 1 0 1 2 1 0 0 1 1 1 1 0 1 1 1 0 1 1 1 1 1 1 1 1
1 1 2 2 2 2 1 1 0 0 2 0 1 0 0 1 1 1 0 1 1 1 1 1 1 1 1 1 1 1
1 1 0 1 1 0 0 1 0 1 1 1 1 1 1 1 1 2 1 0 0 1 1 1 1 0 0 1 2 0
1 0 0 1 0 1 0 2 2 0 1 1 1 1 1 1 1 0 0 0 1 0 1 1 1 1 1 1 1 0
7 25 9 1 80
22 1 2 2 76
29 1 2 3 19
27 30 2 1 7
16 15 4 1 85
4 23 6 2 10
11 2 8 4 54
10 10 2 5 66
2 6 9 2 79
4 3 5 1 36
1 30 4 1 63
22 30 5 1 20
9 15 7 8 16
16 18 8 8 91
19 29 9 1 28
23 4 1 12 43
4 27 8 3 32
20 27 6 2 73
2 8 7 7 9
26 18 3 2 90
25 8 5 1 26
5 17 4 1 26
3 19 1 5 21
26 21 4 8 62
15 6 8 7 56
13 26 5 2 38
29 4 2 4 15
25 12 6 6 85
30 19 1 12 52
12 29 2 2 24
2 1
7 2
21 2
14 2
20 3
3 3
7 2
28 3
9 2
11 3
5 3
27 1
24 1
17 1
27 0
9 3
27 1
19 3
1 0
30 2
19 1
16 2
11 3
12 2
3 3
13 3
23 2
11 0
2 3
22 3
3 2
11 2
17 0
13 3
1 1
25 0
25 0
7 3
27 2
18 3
1 3
25 2
22 0
14 1
30 3
17 3
5 3
21 2
11 1
3 0
26 3
25 0
27 2
22 3
4 0
26 3
11 2
21 3
14 0
12 0
8 2
30 2
8 1
12 1
13 0
13 1
25 1
8 2
9 1
7 0
29 3
30 1
6 2
22 2
19 2
15 2
3 3
6 2
13 2
24 2
24 2
20 3
26 0
16 3
24 0
9 0
22 1
21 1
22 1
15 3
4 2
29 1
25 2
28 1
18 1
19 1
1 2
9 3
13 1
26 2
이유 : 체력이 0이되어 죽은 기사를 예외처리 안했음.

2. 틀린테케
40 30 100
2 1 0 1 0 0 0 0 0 0 1 0 0 0 1 1 2 0 0 1 0 0 0 0 0 1 2 0 1 1 0 0 1 1 1 0 0 1 1 1
2 1 1 0 1 0 1 0 1 1 2 2 0 1 1 0 1 1 1 2 1 1 0 2 0 0 0 0 1 1 1 1 0 1 1 0 0 1 1 1
1 1 0 1 2 0 0 1 0 0 0 1 1 1 1 1 0 1 1 1 1 1 0 0 1 1 0 0 1 0 1 1 1 1 0 2 2 0 0 1
0 0 1 0 0 1 1 0 0 1 0 1 0 1 0 0 1 0 0 1 0 0 1 1 0 1 0 0 1 1 1 1 1 0 1 1 0 0 1 0
1 2 0 1 0 1 1 1 0 1 1 0 1 1 1 0 1 1 1 1 0 1 1 1 0 0 1 0 1 1 1 0 0 0 0 1 2 0 1 1
1 0 0 1 1 0 0 1 1 1 1 1 1 1 1 1 0 1 0 1 1 0 0 0 1 1 0 1 1 1 1 1 1 1 1 1 1 0 1 0
1 0 1 1 2 1 1 1 1 1 0 1 1 1 1 1 0 1 1 1 1 1 1 1 1 0 1 0 1 0 1 0 1 1 1 1 0 1 1 0
1 1 1 1 0 0 1 1 0 1 0 1 1 0 0 1 1 0 0 0 1 0 1 1 1 0 1 0 0 1 0 0 1 1 0 0 2 1 0 1
2 1 2 1 0 1 2 1 1 1 0 1 0 0 1 1 1 1 1 1 1 1 1 1 0 1 1 1 1 0 0 1 0 1 1 2 2 0 0 0
1 0 0 1 0 2 2 1 1 0 0 0 1 1 1 1 0 0 1 0 1 1 1 1 0 1 1 0 1 0 1 0 1 1 0 1 1 1 0 0
0 0 2 2 1 1 1 1 0 0 0 1 1 0 1 1 1 1 1 0 1 1 0 1 1 0 1 0 1 1 0 1 1 1 0 2 1 1 2 1
1 1 1 1 1 0 1 0 1 1 0 0 1 1 1 1 0 1 0 1 0 0 1 1 1 1 1 2 0 1 1 0 0 1 1 1 0 0 0 1
2 1 0 1 1 1 1 0 0 1 0 1 1 0 0 1 1 1 0 1 1 1 0 1 1 1 0 2 0 1 1 0 0 1 1 1 0 0 0 1
0 1 2 2 0 1 0 1 1 0 1 1 0 1 0 0 1 1 0 1 0 0 1 1 0 0 0 1 1 1 1 0 1 1 1 1 0 1 1 1
2 0 1 2 1 0 0 1 1 0 1 1 1 1 1 1 1 1 1 0 1 1 1 1 1 1 1 2 1 1 1 1 0 1 1 0 0 1 1 1
2 2 2 0 2 1 0 0 1 1 0 1 0 0 1 1 1 1 1 1 1 1 1 0 1 0 1 2 1 1 1 0 0 1 0 0 0 1 0 0
0 1 1 1 2 2 1 0 1 0 1 1 1 1 1 0 1 1 0 1 1 1 0 1 0 0 1 0 1 0 0 1 1 0 1 1 0 1 1 1
0 0 0 0 2 1 2 0 1 0 1 0 1 1 0 0 0 1 0 1 0 1 1 0 1 1 1 0 0 1 0 1 0 1 0 0 0 0 1 1
1 0 1 2 0 0 1 0 1 1 1 0 1 1 0 1 0 1 1 1 1 1 1 1 1 0 0 0 1 1 1 0 1 1 1 1 0 1 1 1
1 0 0 1 0 1 0 0 1 1 0 1 1 1 1 1 1 0 0 1 1 1 1 1 1 0 1 1 0 1 0 1 1 1 1 0 0 1 0 1
1 1 1 1 0 2 0 1 1 1 1 1 0 1 1 1 1 0 1 1 1 0 1 0 1 0 1 1 1 1 1 0 1 1 0 1 0 1 0 0
0 1 0 0 0 1 1 1 1 0 1 1 1 0 1 1 0 0 1 0 0 0 1 0 1 1 0 1 1 1 1 1 0 1 2 2 1 1 2 1
1 1 1 1 2 2 0 1 0 0 1 1 1 1 1 0 1 1 1 1 0 0 1 1 1 0 0 0 0 1 1 0 1 0 0 2 1 0 1 1
1 1 0 1 0 1 1 0 1 0 1 1 0 0 0 1 1 1 1 1 0 0 0 1 1 1 1 0 0 1 0 1 0 2 0 0 0 1 0 1
1 0 1 0 1 0 2 1 0 1 1 1 0 1 0 0 0 1 0 1 1 1 1 1 1 1 1 0 1 1 0 0 1 0 0 1 1 1 1 1
0 1 0 1 1 1 0 1 1 0 1 1 1 1 0 1 0 1 1 1 1 1 0 0 1 0 1 1 1 2 1 0 0 1 1 1 0 0 1 1
1 0 0 0 2 2 1 1 0 1 1 1 1 1 1 1 1 1 1 1 1 1 1 1 1 0 1 1 1 1 1 0 0 1 1 1 1 0 1 0
0 0 0 1 0 1 1 1 1 1 1 1 1 1 1 1 0 1 1 1 1 1 1 0 1 1 1 1 1 2 1 1 0 1 2 0 1 1 1 1
1 1 0 1 0 0 2 1 1 1 0 0 1 1 0 1 0 1 0 1 1 1 1 1 1 1 1 1 0 1 1 0 1 1 1 1 1 0 1 0
1 1 1 2 0 0 0 0 0 1 1 0 1 0 1 1 0 1 1 0 0 1 1 1 1 1 1 0 1 1 1 0 2 1 1 1 1 0 1 1
1 1 0 0 1 1 0 0 1 0 1 0 1 1 0 0 1 1 1 1 0 1 1 1 0 0 1 1 1 0 1 2 1 1 1 0 0 1 0 1
0 1 0 1 0 0 2 2 0 0 0 1 0 0 0 0 0 0 0 1 1 2 1 1 0 1 1 1 1 1 1 1 0 0 1 0 1 1 1 1
0 1 0 1 0 1 1 1 1 1 1 1 0 1 1 2 1 1 1 0 0 2 1 0 1 2 1 2 0 0 0 1 0 0 1 0 0 1 1 1
0 0 1 1 0 2 1 1 1 1 1 0 1 1 1 1 1 0 0 0 0 1 1 1 1 1 1 0 1 1 1 1 1 1 1 1 2 0 1 1
1 1 1 0 0 1 0 1 0 1 1 1 1 1 0 0 0 1 1 1 1 1 1 1 1 1 1 1 0 0 0 1 1 1 0 1 1 1 0 1
1 0 0 1 2 1 0 1 0 0 1 1 0 1 1 0 0 2 2 0 1 0 0 0 0 1 0 1 1 1 0 0 1 1 0 0 1 1 1 1
0 1 0 0 1 1 1 1 0 0 0 1 0 1 1 0 2 1 1 1 1 1 0 0 0 1 1 2 0 0 1 2 1 0 1 1 1 1 0 1
0 2 0 2 2 0 0 1 1 0 1 0 0 1 1 0 1 0 1 1 0 1 1 1 0 1 0 0 0 1 0 1 1 1 1 1 0 0 1 1
1 1 0 1 1 1 1 0 1 1 1 0 0 1 1 1 0 0 1 1 1 0 1 1 1 0 2 0 1 0 1 1 0 0 1 0 0 1 0 1
1 1 0 2 0 1 1 0 1 1 0 1 1 0 1 2 0 1 0 0 1 2 1 1 1 1 0 2 2 0 2 1 1 0 0 0 1 1 0 1
1 29 23 6 5
34 29 5 2 2
33 4 2 2 4
6 27 20 1 3
40 33 1 2 1
3 8 29 19 10
1 39 7 1 6
37 36 2 2 3
4 38 10 1 4
1 40 5 1 5
20 1 10 4 1
32 29 1 2 5
13 40 7 1 2
39 39 1 1 4
32 31 3 6 10
13 39 1 1 3
33 7 8 9 3
14 38 27 1 9
40 37 1 1 5
39 18 1 4 6
39 29 1 6 6
38 33 1 3 9
39 23 2 3 9
26 28 6 2 1
34 21 5 7 10
26 39 13 2 10
12 35 8 3 10
39 40 2 1 10
35 33 2 3 10
26 36 5 2 6
20 3
29 0
11 2
11 1
22 0
27 3
4 1
13 3
29 1
5 0
22 0
24 3
16 3
11 0
17 1
9 0
6 3
26 1
28 1
5 1
15 3
22 3
1 0
8 1
7 2
25 0
7 0
6 3
24 3
18 0
28 2
22 1
8 1
8 0
1 2
30 0
11 3
14 2
7 2
24 1
1 1
10 2
29 2
25 1
8 0
16 2
15 0
22 0
20 2
1 2
15 1
11 1
19 2
13 3
10 1
22 3
19 3
11 3
11 2
18 1
6 1
26 2
25 1
16 2
24 0
10 2
29 2
2 0
26 3
1 3
28 3
16 0
19 3
10 2
27 1
15 3
23 3
28 1
17 0
8 2
3 1
25 0
29 2
27 2
28 3
18 0
18 0
2 3
10 0
25 3
25 2
2 0
10 3
28 2
5 1
19 0
4 0
12 0
1 0
22 1
이유 : 체력이 0이된 기사를 배열에서 제거안했음.
